 0  67  67  20  74  63  56  24  50  42  52  58  64  54  61  63  70  57  62  52  55  49  51  48  43  65  51  58  53  60  45  62  59  67  57  48  66  55  54  61  47  56  58  50  45  55  49  63  53  44
67   0  54  47  44  53  55  48  59  34  45  49  57  50  47  52  54  43  51  46  42  39  44  38  37  49  40  48  43  50  36  51  47  54  44  37  53  42  43  50  38  45  47  41  36  46  40  52  44  35
67  54   0  43  46  61  49  45  62  37  48  52  60  53  50  55  57  46  54  49  45  42  47  41  40  52  43  51  46  53  39  54  50  57  47  40  56  45  46  53  41  48  50  44  39  49  43  55  47  38
20  47  43   0  53  39  34  28  41  30  35  41  47  37  44  46  53  40  45  35  38  32  34  31  26  48  34  41  36  43  28  45  42  50  40  31  49  38  37  44  30  39  41  33  28  38  32  46  36  27
74  44  46  53   0  57  51  58  66  47  58  64  72  62  69  71  78  65  70  60  63  57  59  56  51  73  59  66  61  68  53  70  67  75  65  56  74  63  62  69  55  64  66  58  53  63  57  71  61  52
63  53  61  39  57   0  44  41  52  38  49  55  63  53  60  62  69  56  61  51  54  48  50  47  42  64  50  57  52  59  44  61  58  66  56  47  65  54  53  60  46  55  57  49  44  54  48  62  52  43
56  55  49  34  51  44   0  37  43  29  40  46  54  44  51  53  60  47  52  42  45  39  41  38  33  55  41  48  43  50  35  52  49  57  47  38  56  45  44  51  37  46  48  40  35  45  39  53  43  34
24  48  45  28  58  41  37   0  35  26  31  37  45  35  42  44  51  38  43  33  36  30  32  29  24  46  32  39  34  41  26  43  40  48  38  29  47  36  35  42  28  37  39  31  26  36  30  44  34  25
50  59  62  41  66  52  43  35   0  39  44  50  58  48  55  57  64  51  56  46  49  43  45  42  37  59  45  52  47  54  39  56  53  61  51  42  60  49  48  55  41  50  52  44  39  49  43  57  47  38
42  34  37  30  47  38  29  26  39   0  35  41  49  39  46  48  55  42  47  37  40  34  36  33  28  50  36  43  38  45  30  47  44  52  42  33  51  40  39  46  32  41  43  35  30  40  34  48  38  29
52  45  48  35  58  49  40  31  44  35   0  54  62  52  59  61  68  55  60  50  53  47  49  46  41  63  49  56  51  58  43  60  57  65  55  46  64  53  52  59  45  54  56  48  43  53  47  61  51  42
58  49  52  41  64  55  46  37  50  41  54   0  68  58  65  67  74  61  66  56  59  53  55  52  47  69  55  62  57  64  49  66  63  71  61  52  70  59  58  65  51  60  62  54  49  59  53  67  57  48
64  57  60  47  72  63  54  45  58  49  62  68   0  70  77  79  86  73  78  68  71  65  67  64  59  81  67  74  69  76  61  78  75  83  73  64  82  71  70  77  63  72  74  66  61  71  65  79  69  60
54  50  53  37  62  53  44  35  48  39  52  58  70   0  65  67  74  61  66  56  59  53  55  52  47  69  55  62  57  64  49  66  63  71  61  52  70  59  58  65  51  60  62  54  49  59  53  67  57  48
61  47  50  44  69  60  51  42  55  46  59  65  77  65   0  74  81  68  73  63  66  60  62  59  54  76  62  69  64  71  56  73  70  78  68  59  77  66  65  72  58  67  69  61  56  66  60  74  64  55
63  52  55  46  71  62  53  44  57  48  61  67  79  67  74   0  83  70  75  65  68  62  64  61  56  78  64  71  66  73  58  75  72  80  70  61  79  68  67  74  60  69  71  63  58  68  62  76  66  57
70  54  57  53  78  69  60  51  64  55  68  74  86  74  81  83   0  77  82  72  75  69  71  68  63  85  71  78  73  80  65  82  79  87  77  68  86  75  74  81  67  76  78  70  65  75  69  83  73  64
57  43  46  40  65  56  47  38  51  42  55  61  73  61  68  70  77   0  69  59  62  56  58  55  50  72  58  65  60  67  52  69  66  74  64  55  73  62  61  68  54  63  65  57  52  62  56  70  60  51
62  51  54  45  70  61  52  43  56  47  60  66  78  66  73  75  82  69   0  68  71  65  67  64  59  81  67  74  69  76  61  78  75  83  73  64  82  71  70  77  63  72  74  66  61  71  65  79  69  60
52  46  49  35  60  51  42  33  46  37  50  56  68  56  63  65  72  59  68   0  61  55  57  54  49  71  57  64  59  66  51  68  65  73  63  54  72  61  60  67  53  62  64  56  51  61  55  69  59  50
55  42  45  38  63  54  45  36  49  40  53  59  71  59  66  68  75  62  71  61   0  58  60  57  52  74  60  67  62  69  54  71  68  76  66  57  75  64  63  70  56  65  67  59  54  64  58  72  62  53
49  39  42  32  57  48  39  30  43  34  47  53  65  53  60  62  69  56  65  55  58   0  54  51  46  68  54  61  56  63  48  65  62  70  60  51  69  58  57  64  50  59  61  53  48  58  52  66  56  47
51  44  47  34  59  50  41  32  45  36  49  55  67  55  62  64  71  58  67  57  60  54   0  53  48  70  56  63  58  65  50  67  64  72  62  53  71  60  59  66  52  61  63  55  50  60  54  68  58  49
48  38  41  31  56  47  38  29  42  33  46  52  64  52  59  61  68  55  64  54  57  51  53   0  45  67  53  60  55  62  47  64  61  69  59  50  68  57  56  63  49  58  60  52  47  57  51  65  55  46
43  37  40  26  51  42  33  24  37  28  41  47  59  47  54  56  63  50  59  49  52  46  48  45   0  62  48  55  50  57  42  59  56  64  54  45  63  52  51  58  44  53  55  47  42  52  46  60  50  41
65  49  52  48  73  64  55  46  59  50  63  69  81  69  76  78  85  72  81  71  74  68  70  67  62   0  66  73  68  75  60  77  74  82  72  63  81  70  69  76  62  71  73  65  60  70  64  78  68  59
51  40  43  34  59  50  41  32  45  36  49  55  67  55  62  64  71  58  67  57  60  54  56  53  48  66   0  61  56  63  48  65  62  70  60  51  69  58  57  64  50  59  61  53  48  58  52  66  56  47
58  48  51  41  66  57  48  39  52  43  56  62  74  62  69  71  78  65  74  64  67  61  63  60  55  73  61   0  63  70  55  72  69  77  67  58  76  65  64  71  57  66  68  60  55  65  59  73  63  54
53  43  46  36  61  52  43  34  47  38  51  57  69  57  64  66  73  60  69  59  62  56  58  55  50  68  56  63   0  65  50  67  64  72  62  53  71  60  59  66  52  61  63  55  50  60  54  68  58  49
60  50  53  43  68  59  50  41  54  45  58  64  76  64  71  73  80  67  76  66  69  63  65  62  57  75  63  70  65   0  60  77  74  82  72  63  81  70  69  76  62  71  73  65  60  70  64  78  68  59
45  36  39  28  53  44  35  26  39  30  43  49  61  49  56  58  65  52  61  51  54  48  50  47  42  60  48  55  50  60   0  63  60  68  58  49  67  56  55  62  48  57  59  51  46  56  50  64  54  45
62  51  54  45  70  61  52  43  56  47  60  66  78  66  73  75  82  69  78  68  71  65  67  64  59  77  65  72  67  77  63   0  75  83  73  64  82  71  70  77  63  72  74  66  61  71  65  79  69  60
59  47  50  42  67  58  49  40  53  44  57  63  75  63  70  72  79  66  75  65  68  62  64  61  56  74  62  69  64  74  60  75   0  80  70  61  79  68  67  74  60  69  71  63  58  68  62  76  66  57
67  54  57  50  75  66  57  48  61  52  65  71  83  71  78  80  87  74  83  73  76  70  72  69  64  82  70  77  72  82  68  83  80   0  78  69  87  76  75  82  68  77  79  71  66  76  70  84  74  65
57  44  47  40  65  56  47  38  51  42  55  61  73  61  68  70  77  64  73  63  66  60  62  59  54  72  60  67  62  72  58  73  70  78   0  59  77  66  65  72  58  67  69  61  56  66  60  74  64  55
48  37  40  31  56  47  38  29  42  33  46  52  64  52  59  61  68  55  64  54  57  51  53  50  45  63  51  58  53  63  49  64  61  69  59   0  68  57  56  63  49  58  60  52  47  57  51  65  55  46
66  53  56  49  74  65  56  47  60  51  64  70  82  70  77  79  86  73  82  72  75  69  71  68  63  81  69  76  71  81  67  82  79  87  77  68   0  75  74  81  67  76  78  70  65  75  69  83  73  64
55  42  45  38  63  54  45  36  49  40  53  59  71  59  66  68  75  62  71  61  64  58  60  57  52  70  58  65  60  70  56  71  68  76  66  57  75   0  63  70  56  65  67  59  54  64  58  72  62  53
54  43  46  37  62  53  44  35  48  39  52  58  70  58  65  67  74  61  70  60  63  57  59  56  51  69  57  64  59  69  55  70  67  75  65  56  74  63   0  71  57  66  68  60  55  65  59  73  63  54
61  50  53  44  69  60  51  42  55  46  59  65  77  65  72  74  81  68  77  67  70  64  66  63  58  76  64  71  66  76  62  77  74  82  72  63  81  70  71   0  64  73  75  67  62  72  66  80  70  61
47  38  41  30  55  46  37  28  41  32  45  51  63  51  58  60  67  54  63  53  56  50  52  49  44  62  50  57  52  62  48  63  60  68  58  49  67  56  57  64   0  59  61  53  48  58  52  66  56  47
56  45  48  39  64  55  46  37  50  41  54  60  72  60  67  69  76  63  72  62  65  59  61  58  53  71  59  66  61  71  57  72  69  77  67  58  76  65  66  73  59   0  70  62  57  67  61  75  65  56
58  47  50  41  66  57  48  39  52  43  56  62  74  62  69  71  78  65  74  64  67  61  63  60  55  73  61  68  63  73  59  74  71  79  69  60  78  67  68  75  61  70   0  64  59  69  63  77  67  58
50  41  44  33  58  49  40  31  44  35  48  54  66  54  61  63  70  57  66  56  59  53  55  52  47  65  53  60  55  65  51  66  63  71  61  52  70  59  60  67  53  62  64   0  51  61  55  69  59  50
45  36  39  28  53  44  35  26  39  30  43  49  61  49  56  58  65  52  61  51  54  48  50  47  42  60  48  55  50  60  46  61  58  66  56  47  65  54  55  62  48  57  59  51   0  56  50  64  54  45
55  46  49  38  63  54  45  36  49  40  53  59  71  59  66  68  75  62  71  61  64  58  60  57  52  70  58  65  60  70  56  71  68  76  66  57  75  64  65  72  58  67  69  61  56   0  60  74  64  55
49  40  43  32  57  48  39  30  43  34  47  53  65  53  60  62  69  56  65  55  58  52  54  51  46  64  52  59  54  64  50  65  62  70  60  51  69  58  59  66  52  61  63  55  50  60   0  68  58  49
63  52  55  46  71  62  53  44  57  48  61  67  79  67  74  76  83  70  79  69  72  66  68  65  60  78  66  73  68  78  64  79  76  84  74  65  83  72  73  80  66  75  77  69  64  74  68   0  70  61
53  44  47  36  61  52  43  34  47  38  51  57  69  57  64  66  73  60  69  59  62  56  58  55  50  68  56  63  58  68  54  69  66  74  64  55  73  62  63  70  56  65  67  59  54  64  58  70   0  51
44  35  38  27  52  43  34  25  38  29  42  48  60  48  55  57  64  51  60  50  53  47  49  46  41  59  47  54  49  59  45  60  57  65  55  46  64  53  54  61  47  56  58  50  45  55  49  61  51   0
10  20  30  40  50  60  70  80  90  100 110 120 130 140 150 160 170 180 190 200 210 220 230 240 250 260 270 280 290 300
232 233 232 233 232 233 232 233 232 233 232 233 232 233 232 233 232 233 232 233