0  3  4  2  0  0  0  0  0  0  0  0  0  0  0
3  0  0  0  0  3  0  0  0  0  0  0  2  0  0
4  0  0  0  0  6  0  0  0  0  0  0  0  0  0
2  0  0  0  5  2  0  0  0  0  0  4  0  0  0
0  0  0  5  0  1  6  0  12 0  0  5  0  0  0
0  3  6  2  1  0  8  7  0  0  0  0  6  0  0
0  0  0  0  6  8  0  0  0  4  5  8  0  5  0
0  0  0  0  0  7  0  0  6  3  6  0  0  0  0
0  0  0  0  12 0  0  6  0  11 0  0  10 0  8
0  0  0  0  0  0  4  3  11 0  7  0  0  0  10
0  0  0  0  0  0  5  6  0  7  0  0  0  12 11
0  0  0  4  5  0  8  0  0  0  0  0  0  4  0
0  2  0  0  0  6  0  0  10 0  0  0  0  0  0
0  0  0  0  0  0  5  0  0  0  12 4  0  0  0
0  0  0  0  0  0  0  0  8  10 11 0  0  0  0
10 20 30 40 50 60 70 80 90 100
30 130 40 110 70